77 8
0 0.458414 0.445987 -0.404066 -0.653974 0.221441 -0.327921 -0.916948 -0.051360 
1 0.458424 0.446117 -0.404410 -0.653666 0.215683 -0.319855 -0.920991 0.054304 
2 0.457239 0.445333 -0.404938 -0.654703 0.196302 -0.632751 -0.646368 -0.378549 
3 0.458240 0.446219 -0.403884 -0.654051 0.220659 -0.223517 -0.944202 -0.099156 
4 0.458007 0.446053 -0.403957 -0.654282 0.200837 -0.103402 -0.798479 -0.558035 
12 0.458254 0.446201 -0.404095 -0.653923 0.202577 0.245545 -0.943524 -0.091826 
76 0.458209 0.446356 -0.404435 -0.653638 0.210279 -0.532049 -0.798478 -0.187455 
13 0.457914 0.445984 -0.404372 -0.654138 0.210453 0.120896 -0.931705 -0.270222 
5 0.279646 0.339453 -0.482719 -0.757332 0.192625 -0.538455 -0.627792 -0.528053 
6 -0.261134 -0.033419 -0.540118 -0.799353 0.173047 -0.310772 -0.509274 -0.783655 
15 0.458006 0.446496 -0.404413 -0.653699 0.181878 0.418898 -0.801357 -0.386358 
20 0.458300 0.446414 -0.403920 -0.653854 0.183010 0.261999 -0.744752 -0.585839 
21 0.456370 0.445813 -0.405260 -0.654784 0.173755 0.159263 -0.642183 -0.729414 
11 -0.573153 0.809280 0.054812 0.116440 0.160006 0.665988 -0.727547 0.039156 
23 -0.677822 -0.381182 -0.371051 -0.507522 0.123720 -0.098202 -0.185764 -0.969815 
7 -0.677922 -0.382137 -0.370267 -0.507243 0.084763 -0.084102 0.032967 -0.992298 
14 -0.573163 0.809301 0.055063 0.116124 0.128750 0.794155 -0.513350 -0.298687 
19 -0.523273 0.850614 0.012651 0.049815 0.144020 0.530360 -0.535425 -0.641323 
22 -0.573143 0.809311 0.054650 0.116345 0.128828 0.248485 -0.326381 -0.902848 
26 -0.574862 0.808162 0.054865 0.115746 0.100151 -0.093868 0.029066 -0.990108 
27 -0.678828 -0.380565 -0.264949 -0.569355 0.035464 0.024329 0.427000 -0.903228 
31 -0.678993 -0.383075 -0.360921 -0.511819 0.005642 0.413484 0.574878 -0.706056 
32 -0.617324 -0.462518 -0.276538 -0.573163 -0.014624 0.595578 0.640960 -0.483988 
30 -0.471320 -0.253419 0.395960 -0.746225 0.003251 -0.190783 0.743224 -0.641256 
59 -0.484183 -0.261521 0.373838 -0.746605 -0.033806 0.011211 0.948791 -0.313891 
33 -0.515411 -0.291925 0.302317 -0.746817 -0.030504 0.390485 0.851315 -0.349076 
34 -0.003748 -0.848629 -0.099310 -0.519570 -0.032667 0.536897 0.790063 -0.294066 
35 0.573402 -0.809083 -0.054191 -0.116872 -0.036764 0.516002 0.801745 0.299324 
37 0.571659 -0.809854 -0.045472 -0.123588 -0.038945 0.526159 0.808129 0.261853 
8 -0.573443 0.809043 0.055161 0.116489 0.112079 0.895813 -0.418996 0.096957 
9 -0.573697 0.808867 0.054895 0.116584 0.094689 0.932137 -0.322968 0.133590 
10 -0.573345 0.809098 0.054801 0.116757 0.154706 0.692007 -0.695659 0.115114 
16 -0.573449 0.809080 0.054867 0.116340 0.080415 0.974195 -0.192004 -0.087246 
17 -0.573446 0.808975 0.055138 0.116958 0.086352 0.943680 -0.222997 -0.228655 
18 -0.573487 0.809083 0.054854 0.116141 0.118275 0.779410 -0.403952 -0.464063 
24 -0.573308 0.809156 0.055332 0.116290 0.085832 0.606773 -0.108312 -0.782769 
25 -0.572975 0.809402 0.055050 0.116352 0.096358 0.311183 -0.080447 -0.942024 
28 -0.571298 0.810293 0.058374 0.116775 0.084994 -0.378684 0.165463 -0.906640 
29 -0.063925 0.782185 0.609432 0.112662 0.055443 -0.386001 0.361389 -0.846952 
56 0.677667 0.382174 0.376205 0.503170 0.086652 -0.847462 0.230581 -0.470247 
57 0.469416 0.276138 0.838687 -0.000023 0.037586 -0.644437 0.557179 -0.522341 
58 -0.041609 -0.007658 0.835227 -0.548275 -0.010874 -0.295774 0.842126 -0.450802 
60 -0.213496 -0.181276 0.930974 -0.234192 -0.032681 -0.320665 0.946179 0.029176 
36 0.387790 -0.599014 0.529229 -0.459040 -0.048552 0.346109 0.935381 0.053972 
55 0.677743 0.382573 0.370814 0.506754 0.119159 -0.916126 -0.014378 -0.382502 
61 0.677906 0.381991 0.371693 0.506331 0.082150 -0.906016 0.269316 -0.316000 
62 0.475490 0.278573 0.834393 0.009738 0.031123 -0.769547 0.612251 -0.178823 
64 0.677899 0.381930 0.370853 0.507002 0.097056 -0.972000 0.143962 -0.158337 
66 -0.061278 -0.169010 0.869158 0.460701 -0.009909 -0.533665 0.788843 0.304682 
67 -0.182518 -0.680682 0.648732 0.287240 -0.024466 -0.251404 0.810081 0.529119 
38 0.573234 -0.809283 -0.054947 -0.115952 -0.014522 0.754190 0.571426 0.323201 
39 0.572913 -0.809514 -0.053457 -0.116618 -0.034562 0.317841 0.798166 0.510601 
40 0.573330 -0.809175 -0.055221 -0.116100 0.001041 0.752182 0.459343 0.472467 
41 0.573641 -0.801556 -0.162796 -0.044057 0.010134 0.384338 0.460843 0.799878 
42 0.361432 -0.456788 -0.716085 0.384622 0.061728 0.553208 0.031421 0.830158 
44 -0.120919 -0.157226 -0.636533 0.745308 0.076597 0.243951 0.010973 0.966696 
68 0.113356 -0.856230 -0.013657 0.503819 0.002935 0.140917 0.538762 0.830584 
70 -0.457070 -0.445561 0.406182 0.653895 0.032986 -0.512494 0.486535 0.706786 
45 0.041966 0.006271 -0.834398 0.549526 0.117283 0.476834 -0.364309 0.791298 
46 -0.148773 -0.175400 -0.597858 0.767898 0.097496 -0.049216 -0.073091 0.991327 
47 0.041239 0.006501 -0.834330 0.549682 0.114107 0.355744 -0.283569 0.883184 
43 -0.368868 -0.376163 -0.096264 0.844494 0.093477 -0.166646 -0.012716 0.981493 
50 0.041296 0.006533 -0.833912 0.550312 0.172394 0.075478 -0.660330 0.727013 
51 0.041736 0.006834 -0.834515 0.549360 0.145851 0.285003 -0.528502 0.786248 
48 -0.378589 -0.384690 -0.059967 0.839695 0.132923 -0.423633 -0.248763 0.860804 
49 -0.149757 -0.176054 -0.596788 0.768389 0.122359 -0.052797 -0.251330 0.958683 
72 -0.458319 -0.446230 0.402160 0.655049 0.108961 -0.651644 -0.023800 0.750281 
52 -0.432342 -0.429135 0.169751 0.774667 0.160043 -0.588450 -0.446708 0.654649 
74 -0.458295 -0.446211 0.403151 0.654470 0.126427 -0.779099 -0.122713 0.601634 
71 -0.458039 -0.445766 0.403364 0.654821 0.118125 -0.832383 -0.057910 0.538360 
53 -0.154144 -0.180084 -0.589558 0.772160 0.173662 -0.279708 -0.600825 0.728432 
54 0.041923 0.007119 -0.834201 0.549818 0.168050 0.183371 -0.666585 0.702709 
73 -0.456153 -0.444723 0.406590 0.654851 0.116600 -0.910288 -0.028729 0.396175 
69 0.676482 0.380162 0.373098 0.508573 0.091330 -0.971396 0.176189 0.130405 
63 0.677869 0.382062 0.370972 0.506855 0.115938 -0.969876 0.004667 -0.214190 
65 0.676365 0.380837 0.379871 0.503181 0.055916 -0.895933 0.440397 -0.015074 
75 -0.573292 0.809155 0.054954 0.116549 0.079397 0.972607 -0.196825 0.094820 
