77 8
0 0.394076 -0.205321 -0.676146 0.587685 0.757248 -0.080926 -0.635803 -0.125626 
1 0.565800 -0.111223 -0.610241 0.543237 0.829872 -0.262031 -0.419971 -0.257440 
2 0.114846 -0.435068 0.689955 0.566999 0.325569 0.365022 -0.839590 0.236333 
3 0.805039 -0.462755 -0.364864 -0.068158 0.831346 0.199290 -0.518752 0.006583 
4 0.661043 -0.634849 0.211988 0.339191 0.587157 0.621552 -0.422949 0.300057 
5 0.111680 -0.436194 0.690166 0.566510 -0.098231 0.724950 -0.420061 0.536979 
6 -0.566833 -0.766679 -0.246513 -0.173596 -0.096963 0.751837 -0.351197 0.549545 
7 -0.531704 -0.823940 0.184702 -0.065560 -0.629384 0.453118 0.339322 0.532373 
8 0.807671 -0.464187 -0.352896 -0.087538 0.940954 -0.157626 -0.199315 -0.223679 
9 0.804866 -0.460338 -0.367261 -0.073473 0.886825 -0.322913 0.037103 -0.328469 
10 0.969448 0.215701 -0.097935 0.063659 0.871183 -0.352925 -0.085963 -0.330295 
11 0.805245 -0.460497 -0.366650 -0.071357 0.896084 -0.278881 -0.181249 -0.293951 
12 0.806189 -0.457993 -0.368828 -0.065330 0.908233 -0.129687 -0.338744 -0.208678 
13 0.805371 -0.462122 -0.364380 -0.071056 0.944137 0.074498 -0.302969 -0.106135 
14 0.805401 -0.461184 -0.365360 -0.071765 0.964684 -0.131929 0.028318 -0.226224 
15 0.805474 -0.462516 -0.363689 -0.070853 0.945267 0.196829 -0.258694 -0.028384 
16 0.806659 -0.462560 -0.359301 -0.079010 0.895070 -0.279938 0.159863 -0.308103 
18 0.785754 -0.460093 -0.090863 -0.403298 0.958897 -0.019268 0.220871 -0.177092 
20 0.663089 -0.398283 0.147018 -0.616498 0.847239 0.488307 -0.123055 0.169115 
21 0.133090 -0.102324 0.573019 -0.802163 0.603469 0.698923 0.200421 0.327357 
22 0.672652 -0.403415 0.132435 -0.606017 0.818257 0.404637 0.396005 0.099522 
23 0.130390 -0.100974 0.573530 -0.802413 0.229863 0.715153 0.492835 0.439127 
27 0.357575 -0.932074 -0.058073 -0.002300 -0.032183 0.149384 0.941431 0.300593 
30 0.665397 -0.399892 0.142904 -0.613931 0.721018 -0.015194 0.686745 -0.091008 
31 -0.718654 -0.527728 0.028591 0.451909 -0.163663 0.119936 0.918508 0.339371 
32 0.397281 -0.660298 -0.616972 -0.159751 -0.208599 -0.479476 0.850641 -0.054770 
34 0.804952 -0.461532 -0.365946 -0.071580 -0.170140 -0.694168 0.662878 -0.223105 
38 0.805197 -0.461845 -0.364816 -0.072573 0.091992 -0.713793 0.625364 -0.301591 
40 0.805322 -0.461619 -0.365081 -0.071269 -0.087057 -0.650422 0.720055 -0.225595 
42 0.804395 -0.459644 -0.369913 -0.069569 0.218262 -0.744330 0.518814 -0.359398 
45 0.806354 -0.460553 -0.363973 -0.072165 0.509006 -0.661818 0.420790 -0.354746 
55 -0.787754 -0.448090 -0.068407 -0.417108 -0.274568 -0.902764 -0.303900 -0.131431 
57 0.644498 -0.187506 -0.658067 -0.341191 0.672197 -0.546146 0.317543 -0.386060 
58 0.538281 -0.071429 -0.725438 -0.422956 0.624373 -0.611122 0.292122 -0.389042 
59 0.805664 -0.461966 -0.363377 -0.073824 0.603077 -0.400383 0.635352 -0.268924 
63 0.805082 -0.460281 -0.367433 -0.070551 -0.071248 -0.942717 0.260518 -0.195801 
75 -0.133398 -0.896474 0.378119 -0.188590 -0.042067 -0.798468 -0.598342 -0.051635 
76 -0.317315 0.868508 -0.369789 0.090895 -0.025729 -0.672305 -0.699393 -0.241232 
19 0.714437 -0.424731 0.065330 -0.552192 0.933747 -0.004519 0.320755 -0.158785 
24 0.812827 -0.467003 -0.323493 -0.128736 0.879795 -0.259471 0.286210 -0.276984 
28 0.807764 -0.463564 -0.353443 -0.087774 0.589411 -0.477858 0.597333 -0.259693 
37 0.804891 -0.460452 -0.366968 -0.073945 0.045033 -0.809550 0.477123 -0.339050 
60 0.807162 -0.462229 -0.358040 -0.081498 0.579005 -0.368338 0.681961 -0.253001 
62 0.798155 -0.437915 -0.401149 -0.101284 0.863957 -0.458203 -0.025179 -0.207352 
65 0.806896 -0.461602 -0.360252 -0.077849 0.882164 -0.222431 0.329535 -0.252423 
66 0.800175 -0.442492 -0.390720 -0.106106 0.760746 -0.419401 0.400149 -0.291974 
26 0.811150 -0.464580 -0.338271 -0.108508 0.689431 -0.481713 0.442565 -0.311085 
29 0.812826 -0.465574 -0.323256 -0.134392 0.741082 -0.412083 0.408485 -0.337825 
33 0.805143 -0.461489 -0.365539 -0.071789 0.190808 -0.544385 0.784755 -0.226710 
35 0.806066 -0.462434 -0.361482 -0.075784 0.225058 -0.770127 0.470037 -0.367856 
39 0.805342 -0.461975 -0.364688 -0.070751 0.496821 -0.656240 0.400308 -0.402829 
41 0.805631 -0.461740 -0.363681 -0.074103 0.091457 -0.780449 0.514330 -0.343511 
43 0.553380 -0.084894 -0.719134 -0.411595 0.449648 -0.654863 0.465059 -0.390758 
44 0.787673 -0.409443 -0.440934 -0.132305 0.621658 -0.558248 0.384306 -0.392696 
48 0.751799 -0.339611 -0.524724 -0.210066 0.704581 -0.480425 0.379637 -0.358654 
50 0.808553 -0.433046 -0.388235 -0.089369 0.970632 -0.177717 -0.106789 -0.122009 
67 0.794738 -0.426402 -0.414940 -0.119990 0.627053 -0.561045 0.376197 -0.387955 
68 0.725157 -0.297446 -0.570984 -0.244232 0.414110 -0.646766 0.516780 -0.378345 
72 0.795427 -0.426234 -0.410540 -0.130684 0.658707 -0.480423 0.452140 -0.361756 
17 0.806443 -0.462923 -0.359112 -0.079941 0.905284 -0.123470 0.337739 -0.226159 
69 0.800401 -0.443521 -0.391871 -0.095309 0.751225 -0.553157 0.137486 -0.332830 
36 0.808612 -0.452397 -0.368704 -0.074439 0.658487 -0.494754 0.452538 -0.341794 
64 0.805852 -0.461645 -0.364041 -0.070428 0.803941 -0.142968 0.549397 -0.177203 
25 0.807044 -0.460708 -0.361641 -0.075121 0.782353 -0.347620 0.409986 -0.314635 
56 0.801058 -0.439187 -0.391965 -0.108559 0.796863 -0.390830 0.340726 -0.310108 
61 0.803059 -0.451474 -0.379628 -0.084560 0.927713 -0.201016 0.305496 -0.074929 
70 0.801554 -0.448626 -0.385141 -0.088950 0.608729 -0.554065 0.432982 -0.367407 
71 0.786452 -0.410647 -0.440858 -0.136039 0.766138 -0.444603 0.392699 -0.247280 
73 0.808571 -0.460404 -0.357538 -0.080052 0.746102 -0.531159 -0.335737 -0.220187 
74 0.808174 -0.457731 -0.364808 -0.065205 0.940839 -0.007283 -0.338743 -0.004701 
52 0.803258 -0.480607 -0.330924 -0.119511 0.900571 -0.316753 0.027320 -0.296466 
47 0.796022 -0.431275 -0.410780 -0.107751 0.521025 -0.662052 0.410641 -0.348703 
49 0.803236 -0.455451 -0.376656 -0.074202 0.848605 0.136026 -0.502672 0.093207 
51 0.809393 -0.419911 -0.397344 -0.103325 0.855273 0.076309 -0.471371 0.201231 
54 0.807865 -0.463697 -0.353291 -0.086747 0.906235 -0.354878 -0.225989 -0.041570 
46 0.792926 -0.420900 -0.424809 -0.116832 0.732240 -0.642459 -0.199831 -0.105537 
53 0.847509 -0.333695 -0.398291 -0.108357 0.931372 -0.079072 -0.341055 -0.099874 
